[gd_scene format=3 uid="uid://djnp10t76xju6"]

[sub_resource type="CapsuleMesh" id="CapsuleMesh_qit1d"]
radius = 0.05
height = 0.3
radial_segments = 16

[sub_resource type="StandardMaterial3D" id="StandardMaterial3D_qit1d"]

[node name="CSGCombiner3D" type="CSGCombiner3D" unique_id=290836703]

[node name="TreeBase" type="CSGMesh3D" parent="." unique_id=1674160551]
transform = Transform3D(0.9723699, -0.23344538, 0, 0.23344538, 0.9723699, 0, 0, 0, 1, 0, 0, 0)
mesh = SubResource("CapsuleMesh_qit1d")
material = SubResource("StandardMaterial3D_qit1d")

[node name="TreeMidPart" type="CSGMesh3D" parent="." unique_id=1987461919]
transform = Transform3D(0.99904823, -0.043619387, 0, 0.043619387, 0.99904823, 0, 0, 0, 1, -0.03901943, 0.2462568, 0)
mesh = SubResource("CapsuleMesh_qit1d")
material = SubResource("StandardMaterial3D_qit1d")

[node name="TreeTopPart" type="CSGMesh3D" parent="." unique_id=1543797183]
transform = Transform3D(0.92718387, 0.37460658, 0, -0.37460658, 0.92718387, 0, 0, 0, 1, 0.0034390166, 0.49465036, 0)
mesh = SubResource("CapsuleMesh_qit1d")
material = SubResource("StandardMaterial3D_qit1d")

[node name="CSGCombiner3D4" type="CSGCombiner3D" parent="." unique_id=1671031515]
transform = Transform3D(0.98768836, 0.15643448, 0, -0.15643448, 0.98768836, 0, 0, 0, 1, 0.061404027, 0.5941249, 0)

[node name="TipofTree" type="CSGSphere3D" parent="CSGCombiner3D4" unique_id=712764563]
transform = Transform3D(1, 0, 0, 0, 1, 0, 0, 0, 1, -0.0071856976, 0.05048251, 0)
radius = 0.07

[node name="CSGCombiner3D" type="CSGCombiner3D" parent="CSGCombiner3D4" unique_id=183723340]
transform = Transform3D(1, 0, 0, 0, 1, 0, 0, 0, 1, 0.09, 0.06, 0)

[node name="LeafPiece" type="CSGBox3D" parent="CSGCombiner3D4/CSGCombiner3D" unique_id=712749273]
transform = Transform3D(0.99904823, -0.043619387, 0, 0.043619387, 0.99904823, 0, 0, 0, 1, 0.004, 0, 0)
size = Vector3(0.15, 0.01, 0.05)

[node name="LeafPiece2" type="CSGBox3D" parent="CSGCombiner3D4/CSGCombiner3D" unique_id=1811640080]
transform = Transform3D(0.9659258, 0.25881904, 0, -0.25881904, 0.9659258, 0, 0, 0, 1, 0.124, -0.008744121, 0)
size = Vector3(0.1, 0.01, 0.04)

[node name="LeafPiece3" type="CSGBox3D" parent="CSGCombiner3D4/CSGCombiner3D" unique_id=1773773918]
transform = Transform3D(0.8338857, 0.5519369, 0, -0.5519369, 0.8338857, 0, 0, 0, 1, 0.194, -0.037902594, 0)
size = Vector3(0.05, 0.01, 0.03)

[node name="CSGCombiner3D2" type="CSGCombiner3D" parent="CSGCombiner3D4" unique_id=1509827551]
transform = Transform3D(-1, 0, -8.742278e-08, 0, 1, 0, 8.742278e-08, 0, -1, -0.1, 0.06, 0)

[node name="LeafPiece" type="CSGBox3D" parent="CSGCombiner3D4/CSGCombiner3D2" unique_id=988305086]
transform = Transform3D(0.99904823, -0.043619387, 0, 0.043619387, 0.99904823, 0, 0, 0, 1, 0.004, 0, 0)
size = Vector3(0.15, 0.01, 0.05)

[node name="LeafPiece2" type="CSGBox3D" parent="CSGCombiner3D4/CSGCombiner3D2" unique_id=998654155]
transform = Transform3D(0.9659258, 0.25881904, 0, -0.25881904, 0.9659258, 0, 0, 0, 1, 0.124, -0.008744121, 0)
size = Vector3(0.1, 0.01, 0.04)

[node name="LeafPiece3" type="CSGBox3D" parent="CSGCombiner3D4/CSGCombiner3D2" unique_id=2084940528]
transform = Transform3D(0.8338857, 0.5519369, 0, -0.5519369, 0.8338857, 0, 0, 0, 1, 0.194, -0.037902594, 0)
size = Vector3(0.05, 0.01, 0.03)

[node name="CSGCombiner3D3" type="CSGCombiner3D" parent="CSGCombiner3D4" unique_id=1300603635]
transform = Transform3D(-4.371139e-08, 0, 1, 0, 1, 0, -1, 0, -4.371139e-08, -0.01, 0.06, -0.1)

[node name="LeafPiece" type="CSGBox3D" parent="CSGCombiner3D4/CSGCombiner3D3" unique_id=1613986632]
transform = Transform3D(0.99904823, -0.043619387, 0, 0.043619387, 0.99904823, 0, 0, 0, 1, 0.004, 0, 0)
size = Vector3(0.15, 0.01, 0.05)

[node name="LeafPiece2" type="CSGBox3D" parent="CSGCombiner3D4/CSGCombiner3D3" unique_id=1555521778]
transform = Transform3D(0.9659258, 0.25881904, 0, -0.25881904, 0.9659258, 0, 0, 0, 1, 0.124, -0.008744121, 0)
size = Vector3(0.1, 0.01, 0.04)

[node name="LeafPiece3" type="CSGBox3D" parent="CSGCombiner3D4/CSGCombiner3D3" unique_id=770502158]
transform = Transform3D(0.8338857, 0.5519369, 0, -0.5519369, 0.8338857, 0, 0, 0, 1, 0.194, -0.037902594, 0)
size = Vector3(0.05, 0.01, 0.03)

[node name="CSGCombiner3D4" type="CSGCombiner3D" parent="CSGCombiner3D4" unique_id=85164609]
transform = Transform3D(-4.371139e-08, 0, -1, 0, 1, 0, 1, 0, -4.371139e-08, -0.01, 0.06, 0.09)

[node name="LeafPiece" type="CSGBox3D" parent="CSGCombiner3D4/CSGCombiner3D4" unique_id=1474441916]
transform = Transform3D(0.99904823, -0.043619387, 0, 0.043619387, 0.99904823, 0, 0, 0, 1, 0.004, 0, 0)
size = Vector3(0.15, 0.01, 0.05)

[node name="LeafPiece2" type="CSGBox3D" parent="CSGCombiner3D4/CSGCombiner3D4" unique_id=538377290]
transform = Transform3D(0.9659258, 0.25881904, 0, -0.25881904, 0.9659258, 0, 0, 0, 1, 0.124, -0.008744121, 0)
size = Vector3(0.1, 0.01, 0.04)

[node name="LeafPiece3" type="CSGBox3D" parent="CSGCombiner3D4/CSGCombiner3D4" unique_id=2048456993]
transform = Transform3D(0.8338857, 0.5519369, 0, -0.5519369, 0.8338857, 0, 0, 0, 1, 0.194, -0.037902594, 0)
size = Vector3(0.05, 0.01, 0.03)

[node name="CSGCombiner3D5" type="CSGCombiner3D" parent="CSGCombiner3D4" unique_id=615256964]
transform = Transform3D(0.70710677, 0, -0.70710677, 0, 1, 0, 0.70710677, 0, 0.70710677, 0.09, 0.06, 0.09)

[node name="LeafPiece" type="CSGBox3D" parent="CSGCombiner3D4/CSGCombiner3D5" unique_id=38479753]
transform = Transform3D(0.99904823, -0.043619387, 0, 0.043619387, 0.99904823, 0, 0, 0, 1, 0.004, 0, 0)
size = Vector3(0.15, 0.01, 0.05)

[node name="LeafPiece2" type="CSGBox3D" parent="CSGCombiner3D4/CSGCombiner3D5" unique_id=764660616]
transform = Transform3D(0.9659258, 0.25881904, 0, -0.25881904, 0.9659258, 0, 0, 0, 1, 0.124, -0.008744121, 0)
size = Vector3(0.1, 0.01, 0.04)

[node name="LeafPiece3" type="CSGBox3D" parent="CSGCombiner3D4/CSGCombiner3D5" unique_id=327231469]
transform = Transform3D(0.8338857, 0.5519369, 0, -0.5519369, 0.8338857, 0, 0, 0, 1, 0.194, -0.037902594, 0)
size = Vector3(0.05, 0.01, 0.03)

[node name="CSGCombiner3D6" type="CSGCombiner3D" parent="CSGCombiner3D4" unique_id=1164332640]
transform = Transform3D(-0.70710677, 0, 0.70710677, 0, 1, 0, -0.70710677, 0, -0.70710677, -0.1, 0.06, -0.09)

[node name="LeafPiece" type="CSGBox3D" parent="CSGCombiner3D4/CSGCombiner3D6" unique_id=1907171675]
transform = Transform3D(0.99904823, -0.043619387, 0, 0.043619387, 0.99904823, 0, 0, 0, 1, 0.004, 0, 0)
size = Vector3(0.15, 0.01, 0.05)

[node name="LeafPiece2" type="CSGBox3D" parent="CSGCombiner3D4/CSGCombiner3D6" unique_id=1652027667]
transform = Transform3D(0.9659258, 0.25881904, 0, -0.25881904, 0.9659258, 0, 0, 0, 1, 0.124, -0.008744121, 0)
size = Vector3(0.1, 0.01, 0.04)

[node name="LeafPiece3" type="CSGBox3D" parent="CSGCombiner3D4/CSGCombiner3D6" unique_id=1614988021]
transform = Transform3D(0.8338857, 0.5519369, 0, -0.5519369, 0.8338857, 0, 0, 0, 1, 0.194, -0.037902594, 0)
size = Vector3(0.05, 0.01, 0.03)

[node name="CSGCombiner3D7" type="CSGCombiner3D" parent="CSGCombiner3D4" unique_id=704790431]
transform = Transform3D(0.70710677, 0, 0.70710677, 0, 1, 0, -0.70710677, 0, 0.70710677, 0.09, 0.06, -0.09)

[node name="LeafPiece" type="CSGBox3D" parent="CSGCombiner3D4/CSGCombiner3D7" unique_id=1110405586]
transform = Transform3D(0.99904823, -0.043619387, 0, 0.043619387, 0.99904823, 0, 0, 0, 1, 0.004, 0, 0)
size = Vector3(0.15, 0.01, 0.05)

[node name="LeafPiece2" type="CSGBox3D" parent="CSGCombiner3D4/CSGCombiner3D7" unique_id=1174110288]
transform = Transform3D(0.9659258, 0.25881904, 0, -0.25881904, 0.9659258, 0, 0, 0, 1, 0.124, -0.008744121, 0)
size = Vector3(0.1, 0.01, 0.04)

[node name="LeafPiece3" type="CSGBox3D" parent="CSGCombiner3D4/CSGCombiner3D7" unique_id=211207412]
transform = Transform3D(0.8338857, 0.5519369, 0, -0.5519369, 0.8338857, 0, 0, 0, 1, 0.194, -0.037902594, 0)
size = Vector3(0.05, 0.01, 0.03)

[node name="CSGCombiner3D8" type="CSGCombiner3D" parent="CSGCombiner3D4" unique_id=138602501]
transform = Transform3D(-0.70710677, 0, -0.70710677, 0, 1, 0, 0.70710677, 0, -0.70710677, -0.1, 0.06, 0.09)

[node name="LeafPiece" type="CSGBox3D" parent="CSGCombiner3D4/CSGCombiner3D8" unique_id=1904496381]
transform = Transform3D(0.99904823, -0.043619387, 0, 0.043619387, 0.99904823, 0, 0, 0, 1, 0.004, 0, 0)
size = Vector3(0.15, 0.01, 0.05)

[node name="LeafPiece2" type="CSGBox3D" parent="CSGCombiner3D4/CSGCombiner3D8" unique_id=1953976767]
transform = Transform3D(0.9659258, 0.25881904, 0, -0.25881904, 0.9659258, 0, 0, 0, 1, 0.124, -0.008744121, 0)
size = Vector3(0.1, 0.01, 0.04)

[node name="LeafPiece3" type="CSGBox3D" parent="CSGCombiner3D4/CSGCombiner3D8" unique_id=325946380]
transform = Transform3D(0.8338857, 0.5519369, 0, -0.5519369, 0.8338857, 0, 0, 0, 1, 0.194, -0.037902594, 0)
size = Vector3(0.05, 0.01, 0.03)
